inactive-opacity = 0.95;
frame-opacity = 0.4;
blur-background = false;
shadow-red = 0.149019607843137;
shadow-green = 0.149019607843137;
shadow-blue = 0.149019607843137;
fade-delta = 1;
